
Accuracy
k= [1,3,5,7,9,11]
(PCC) MEME_all: [0.8296261239943209, 0.8263132986275438, 0.8149550402271651, 0.8102224325603408, 0.8017037387600567, 0.795551348793185]
(Euclidean) MEME_all2: [0.8400378608613346, 0.8386180785612872, 0.8310459062943681, 0.8253667770941789, 0.8154283009938476, 0.8050165641268339]
(2-RMSE) MEME_all3: [0.836251774727875, 0.8386180785612872, 0.8338854708944629, 0.8258400378608614, 0.8159015617605301, 0.807382867960246]
Ensemble: [0.8419309039280644, 0.8400378608613346, 0.8334122101277804, 0.8267865593942262, 0.8159015617605301, 0.8116422148603881]

Time
FCN: 2.3
(PCC) MEME_all: 3576
(Euclidean) MEME_all2: 2096 
(2-RMSE) MEME_all3: 1990
Ensemble: 7653



03/26 20-fold CV
[0.7641509433962265, 0.8113207547169812, 0.8679245283018868, 0.8584905660377359, 0.8207547169811321, 0.8018867924528302, 0.8301886792452831, 0.8113207547169812, 0.8018867924528302, 0.8207547169811321, 0.8018867924528302, 0.8584905660377359, 0.7641509433962265, 0.8476190476190476, 0.780952380952381, 0.8380952380952381, 0.7619047619047619, 0.8857142857142857, 0.8380952380952381, 0.8857142857142857]
Mean: 0.8225651392632527
St. Dev.: 0.037121765900132546

Accuracy per class
03/26 20-fold CV:
[88.5,71.2,76.1,93.0,91.5,90.3,87.5,84.2,80.9,82.8,62.5,75.6,86.8,83.8,80.0,96.2,69.2,63.6,50.0,60.0]
1-NN Ensemble:
[96.3,64.7,89.4,91.0,88.5,98.2,91.1,84.2,94.7,86.2,68.7,80.5,47.4,0,93.3,100,80.8,95.5,80,80]